function[p] = m_primes(n)
    % -- m_primes (N)
    %     Return the n-th Mersenne prime.

    p = [3 7 31 127 8191 131071 524287 2147483647](n);
end
