% The first 8 Mersenne primes
function[p] = m_primes(n)
    p = [3 7 31 127 8191 131071 524287 2147483647](n);
end
